g++ -std=c++11 -Wno-unused-result -o main ./main.cc
./main
13319290 210
15294093 450
17389133 211
19608762 451
42828323 213
45080788 453
55568404 212
57510627 452
71513120 49
71620279 508
71712968 216
73671231 456
73839680 348
92364311 48
92547839 217
92716160 509
94690935 349
94783496 457
100728465 215
102931558 455
130192550 214
132183633 454
135346518 503
135715777 42
137583521 343
164844385 502
164934134 43
166801814 342
173041048 41
173508367 500
175498744 340
194121647 40
194374968 501
196579279 341
211527539 44
211568100 505
213788435 345
223989060 45
224276435 504
226250020 344
249064898 218
249232317 506
249370922 47
251173194 346
251268917 458
253268362 507
253364213 219
253719325 46
255354114 459
255521661 347
270159674 463
272117197 223
299377933 462
301615098 222
308080995 460
310285204 220
329161556 461
331151779 221
345453448 465
347427199 225
357915071 464
360135496 224
382832081 466
382933934 378
385085222 226
385260494 79
387019161 379
387180518 467
389121297 227
389345785 78
415255062 370
417712758 71
419569697 371
422027329 70
445051983 373
446919727 72
457481848 372
459349528 73
474822308 376
474980571 468
476624580 77
476955180 228
495831788 469
495934611 377
497736947 76
498051099 229
504072445 375
506333341 74
533324490 374
535585450 75
550311892 437
550470059 329
552206795 28
552564003 277
554560412 328
554663395 436
556297212 29
556605204 276
579578253 434
581553018 274
592036794 435
594256205 275
608201574 431
610404753 271
629277009 430
631268262 270
637982015 432
639940552 272
667205384 433
669441535 273
672600824 324
674402968 25
701855951 325
703658159 24
709995681 327
710097630 439
712071209 279
712256705 26
730943721 438
731104918 326
733164062 278
733366006 27
748318282 322
750775850 23
760743037 323
763200541 22
786223123 321
788090995 20
790542884 320
792410692 21
807167124 244
809371235 404
836636323 245
838626388 405
844815053 247
845131301 18
846772282 407
846868037 319
865644794 246
865977362 19
867714162 318
867881485 406
879777944 188
881924134 242
884177617 402
894661137 243
896602342 403
900870831 189
920102527 241
922076296 401
924175432 240
926396095 400
941995897 183
952206127 16
952432583 249
954467151 317
954635568 409
956557592 17
956734960 248
958725895 408
958818680 316
971496782 182
979568928 180
981941622 15
983743766 314
994400065 14
996202273 315
1000432407 181
1011679133 10
1013547005 311
1017695179 185
1030398460 184
1032754602 11
1034622410 310
1040859588 13
1043317156 312
1055815058 186
1059856293 187
1070083059 12
1072540563 313
1080225398 114
1082579488 81
1084447296 380
1095020567 80
1096888439 381
1101038657 115
1109676079 117
1119904889 82
1122362393 383
1124208206 83
1126665774 382
1139161624 116
1141614226 87
1143779469 498
1143875314 386
1156551364 112
1160640755 113
1170853029 86
1173114053 387
1173281466 499
1179457739 84
1181259947 385
1185492125 111
1198212778 110
1200583420 85
1202385564 384
1215913836 493
1220181285 119
1232606994 118
1237005659 492
1245700405 490
1274907394 491
1291068382 495
1295403497 494
1318423448 89
1320160248 388
1320328583 496
1331159471 88
1332803504 497
1332896207 389
1351745473 127
1364432374 126
1389838744 124
1393896367 125
1411154803 121
1440672068 120
1448754474 122
1469601565 123
1510986443 129
1540208892 128
1615243055 173
1636093208 172
1644173686 170
1673687873 171
1691081629 175
1695134122 174
1720542660 176
1733234675 177
1813203150 178
1842422521 179
1890956952 140
1903680687 141
1913800831 289
1928530113 143
1932616438 142
1943020104 288
1949878826 146
1979359261 147
1987998835 145
2008817220 144
2022466933 287
2035158850 286
2060114732 284
2064167195 285
2080446919 281
2109961200 280
2118625182 282
2124867360 148
2137296151 149
2139475369 283
2153276458 307
2153443925 419
2155384994 259
2157563932 193
2170272299 192
2174261346 418
2174357021 306
2176514709 258
2183060083 304
2195680837 190
2199716978 191
2212278340 305
2215947438 195
2228557976 301
2232906415 300
2245445273 194
2253525751 196
2257823425 302
2270285046 303
2274392256 197
2290245894 414
2292188145 254
2302675761 415
2304928198 255
2328158047 417
2328250656 309
2330377640 257
2332304151 308
2332472680 416
2334447519 256
2349800884 412
2351791939 252
2362195965 198
2366526922 199
2379052931 413
2381256052 253
2387190765 411
2389426458 251
2408303066 410
2410261293 250
2425288189 35
2427155869 334
2437717962 34
2439585706 335
2462600100 36
2462924620 269
2465057732 337
2465160635 429
2466914707 37
2467255675 268
2469214092 428
2469372403 336
2483259727 33
2485520687 332
2512511864 32
2514772760 333
2521118486 30
2522920822 331
2542230817 31
2544033089 330
2555580998 267
2555799214 38
2557571249 427
2557732558 339
2576447601 266
2576616601 39
2578550009 338
2578651782 426
2585111583 264
2587348712 424
2614609448 265
2616567007 425
2631823092 261
2633763843 421
2635859139 260
2638112308 420
2660815021 262
2663035482 422
2673523354 263
2675497069 423
2690231571 61
2692492659 360
2711340836 60
2713601860 361
2719945546 62
2721747754 363
2749200765 63
2751002909 362
2764912623 8
2765202761 238
2765410721 67
2767278529 366
2767439806 478
2769247704 9
2769538942 239
2769730454 66
2771496329 479
2771598326 367
2794614776 64
2797072280 365
2807039439 65
2809497007 364
2827242152 233
2828589070 3
2829461599 473
2839945375 232
2841293369 2
2841920104 472
2864903409 230
2866701911 0
2866845190 470
2868944582 231
2870742112 1
2871196721 471
2886284826 235
2887099580 5
2888520941 475
2915785773 234
2916601483 4
2917744346 474
2924149931 69
2924447811 236
2924681957 6
2926439092 476
2926542027 368
2944964252 68
2945311348 237
2945544402 7
2947356412 369
2947514499 477
2962177220 353
2963979428 52
2974635763 352
2976437907 53
2999550621 350
3001802858 510
3001811709 51
3003902122 351
3005844061 511
3006163146 50
3020046454 355
3022503958 54
3049269825 354
3051727393 55
3057974831 356
3058067536 448
3059842639 57
3060009639 208
3078881895 449
3079050264 357
3080918136 56
3081134224 209
3092593128 440
3094829855 200
3113702367 441
3115659560 201
3121842097 443
3123832134 203
3151097222 442
3153301361 202
3168290138 446
3168457509 358
3170510765 206
3170849605 59
3172514066 359
3172609901 447
3174583706 207
3174906226 58
3198089987 445
3200031220 205
3210514740 444
3212768195 204
3224371728 297
3253889063 296
3262561353 294
3283408510 295
3300753058 291
3313439893 290
3323625541 158
3338387707 292
3342445260 293
3352881778 159
3356086781 150
3385572298 151
3394203556 153
3400412954 299
3412870445 298
3415016851 152
3431247183 156
3443967864 157
3468825366 155
3472914721 154
3568250795 168
3580708252 169
3640311882 163
3644369533 162
3669786131 160
3682472996 161
3698834680 165
3719681743 164
3727753889 166
3757271190 167
3803428270 139
3815890841 138
3895302308 137
3924816531 136
3932890877 134
3953741002 135
3969967126 131
3982659105 130
4008073807 132
4012126328 133
4026931776 109
4039456777 483
4043788862 482
4056182903 108
4068705872 480
4081183847 481
4098376891 485
4119473804 484
4128009373 398
4128176866 486
4129942781 99
4157378773 487
4157474474 399
4159407818 98
4162796837 390
4164599109 91
4175333651 104
4179419940 105
4192032530 391
4193834866 90
4200170364 393
4202431260 92
4204279626 107
4217003389 106
4221299019 392
4223559979 93
4233360801 102
4237350888 488
4237443479 396
4239901175 97
4249889696 397
4250058207 489
4252347328 96
4254179222 103
4262808568 101
4275371982 395
4277239726 94
4279670265 394
4281537945 95
4292288975 100
3534010585
168 1
